0 0.0182817 83.9209
1000 0 87.3365
2000 0 87.3365
3000 0 87.3365
4000 0 87.3365
5000 3.52423e-05 87.3365
6000 0 87.3365
7000 0 87.3365
8000 3.53357e-05 87.3365
9000 0 87.3365
10000 0 87.3365
11000 0 87.3365
12000 0 87.3365
13000 0 87.3365
14000 0 87.3366
15000 3.52423e-05 87.3365
16000 0 87.3366
17000 0 87.3365
18000 3.53357e-05 87.3365
19000 0 87.3366
20000 0 87.3365
21000 0 87.3365
22000 0 87.3365
23000 0 87.3365
24000 0 87.3365
25000 3.52423e-05 87.3365
26000 0 87.3365
27000 0 87.3365
28000 3.53357e-05 87.3365
29000 0 87.3365
30000 0 87.3365
31000 0 87.3365
32000 0 87.3365
33000 0 87.3366
34000 0 87.3365
35000 3.52423e-05 87.3365
36000 0 87.3365
37000 0 87.3365
38000 3.53357e-05 87.3365
39000 0 87.3365
40000 0 87.3365
41000 0 87.3366
42000 0 87.3365
43000 0 87.3365
44000 0 87.3365
45000 3.52423e-05 87.3365
46000 0 87.3365
47000 0 87.3365
48000 3.53357e-05 87.3365
49000 0 87.3365
50000 0 87.3365
51000 0 87.3365
52000 0 87.3365
53000 0 87.3365
54000 0 87.3365
55000 3.52423e-05 87.3365
56000 0 87.3365
57000 0 87.3365
58000 3.53357e-05 87.3365
59000 0 87.3365
60000 0 87.3365
61000 0 87.3365
62000 0 87.3365
63000 0 87.3365
64000 0 87.3365
65000 3.52423e-05 87.3365
66000 0 87.3366
67000 0 87.3366
68000 0 87.3365
69000 3.53357e-05 87.3365
70000 0 87.3365
71000 0 87.3365
72000 0 87.3365
73000 0 87.3365
74000 0 87.3365
